407.54	115.89	28.06	29.36	25.04	29.80	15.68	21.28	11.13	33.45	38.82	32.26	388.60	141.79	24.77	33.11	25.29	597.26	472.62	14.63	42.21
249.01  59.97   27.89   23.20   12.84   21.76   26.21   17.04   23.81   28.02   29.45   23.32   491.07  147.29  28.42   36.50   13.17   286.94  120.67  19.39   39.24
248.22  58.05   20.57   16.26   8.24    8.77    18.84   8.03    13.27   17.21   26.13   13.16   487.05  144.66  22.86   30.39   8.81    290.50  125.43  13.37   37.22
248.45  57.66   20.33   16.32   8.49    8.85    18.53   7.38    11.76   16.77   26.98   13.19   489.89  144.71  21.78   28.84   9.57    294.43  129.51  13.79   36.64
248.62  57.40   20.26   16.29   8.84    9.58    18.46   7.11    10.24   16.32   27.80   13.51   492.67  144.72  20.76   27.38   10.25   298.36  133.85  14.11   35.74
248.90  57.05   20.36   16.36   9.21    10.89   18.55   7.17    8.72    16.12   28.59   13.80   495.41  144.78  20.08   25.61   11.07   301.99  138.20  14.41   34.53
248.71  56.87   20.13   16.29   9.68    12.49   18.69   7.41    7.79    16.11   29.30   14.53   498.18  144.72  19.38   23.79   11.92   305.94  142.75  14.90   33.35
248.57  56.70   20.07   16.15   10.12   11.66   18.76   7.96    7.14    15.48   30.05   12.84   500.90  144.57  18.83   22.23   12.58   309.76  147.35  15.16   31.93
248.50  56.58   19.77   16.07   10.98   11.65   18.99   8.02    7.09    13.30   30.76   11.63   503.39  144.49  18.28   20.81   13.45   313.49  151.85  15.49   30.58
247.93  56.36   19.67   16.00   11.44   12.13   19.03   8.41    7.35    11.36   31.30   10.93   506.01  144.50  17.96   19.16   13.83   317.13  156.43  15.81   29.04
247.62  56.16   19.49   16.41   11.42   13.28   19.21   8.61    7.70    9.96    31.98   10.27   508.66  144.26  17.34   17.86   14.30   320.90  160.95  16.23   27.33
246.79  55.95   19.34   16.30   11.49   14.25   19.33   8.75    8.09    9.29    32.61   10.14   511.20  144.23  16.73   16.45   14.60   324.56  165.54  16.47   25.81
245.92  55.78   19.43   16.37   11.57   15.68   19.52   8.85    8.61    9.38    33.09   10.12   513.80  144.18  15.85   15.08   15.06   328.24  170.30  16.75   24.05
244.93  55.53   19.29   16.37   11.71   17.03   19.63   9.05    8.94    8.14    33.63   10.55   516.09  144.06  14.58   13.96   15.49   332.15  174.90  17.07   22.50
243.83  55.40   19.14   16.56   11.92   18.05   19.74   8.79    9.31    6.06    34.11   10.79   518.43  144.00  13.34   12.70   15.78   336.02  179.53  17.62   20.75
242.36  55.23   19.25   16.61   12.13   19.25   20.03   7.86    9.71    4.70    34.54   10.57   520.88  143.88  12.00   11.42   16.17   339.96  184.25  18.24   18.98
240.92  55.11   19.57   16.01   12.41   19.73   20.14   7.08    10.01   4.00    35.09   9.68    523.15  143.83  11.03   10.22   16.49   343.54  189.02  18.56   17.32
238.98  54.89   19.45   16.01   12.79   20.47   20.38   6.47    10.50   4.11    35.40   9.43    525.14  143.77  9.73    9.07    16.94   347.06  193.58  18.75   15.61
237.19  54.75   19.49   15.95   13.01   20.63   20.54   5.81    10.99   4.80    35.85   8.74    527.24  143.77  8.94    7.91    17.25   351.69  198.60  18.84   13.66
235.14  54.56   19.73   15.94   13.30   20.71   20.62   5.09    11.35   5.15    36.31   8.30    529.12  143.04  7.81    6.90    17.63   355.13  203.22  19.25   11.80
233.05  54.41   19.78   15.99   13.58   20.83   20.49   4.46    11.79   5.23    36.66   8.17    531.05  142.67  6.94    5.86    17.70   358.88  208.04  19.46   10.31
230.48  54.17   19.96   16.05   13.89   20.90   20.71   3.92    12.33   3.66    36.88   7.69    532.58  142.67  6.25    4.99    18.19   362.37  212.76  19.64   8.45
228.12  54.52   20.30   16.20   14.02   20.85   21.05   3.67    12.64   2.85    37.22   7.55    534.18  142.79  5.57    4.15    18.41   365.47  217.39  19.43   6.84
225.46  53.80   20.42   16.24   14.35   20.54   21.49   3.45    13.16   2.74    37.53   7.37    535.52  142.82  5.08    3.67    18.91   368.38  221.91  19.97   4.99
222.62  54.22   20.56   16.42   14.71   20.16   21.76   3.79    13.63   2.78    37.85   6.91    536.79  142.62  5.01    3.52    19.10   371.10  226.48  20.46   3.74
219.78  53.58   20.75   16.51   15.07   19.44   21.61   3.93    14.30   3.08    37.96   6.58    538.07  142.74  5.18    3.69    19.24   373.61  230.57  20.73   3.56
216.85  53.86   20.99   16.73   15.75   18.89   21.48   4.55    14.77   3.47    38.31   6.23    539.06  142.59  5.53    4.27    19.33   376.11  234.40  20.46   3.47
213.74  53.14   20.55   16.82   15.89   18.42   21.71   5.94    15.34   3.95    38.63   5.96    539.68  142.35  5.86    5.01    19.65   377.65  237.74  20.88   3.70
210.58  53.38   21.10   17.05   16.22   17.63   22.00   6.19    16.01   4.30    38.63   5.63    540.51  142.26  6.46    5.75    19.80   379.11  240.85  21.32   5.01
207.28  53.36   21.30   17.30   16.75   16.67   22.11   5.07    16.69   4.82    38.91   5.25    541.09  142.09  7.16    6.68    19.81   380.04  243.52  21.44   6.31
203.79  53.10   21.32   17.51   17.08   15.58   21.63   3.91    17.32   4.86    39.05   4.61    541.53  142.10  7.82    7.60    20.15   381.25  245.93  21.06   7.65
200.26  53.03   21.46   17.81   17.05   14.48   21.72   2.79    18.03   5.09    39.33   3.89    541.83  141.92  9.26    8.47    20.39   382.09  248.68  21.82   8.87
196.59  52.78   21.73   18.11   17.43   13.30   22.29   2.16    18.59   5.19    39.47   3.26    542.09  141.72  9.09    9.52    20.41   382.38  250.41  21.91   9.99
192.81  52.56   21.59   18.47   17.89   12.34   21.96   1.98    19.48   5.30    39.75   2.61    542.11  141.52  9.04    10.38   20.59   382.24  251.55  21.99   11.15
188.79  52.45   21.53   18.69   18.16   11.19   22.75   2.07    20.18   5.60    39.93   1.18    541.66  141.44  9.04    11.32   20.52   381.89  252.26  21.47   12.31
184.82  52.15   21.72   19.09   18.48   10.40   23.02   2.23    20.92   5.33    40.23   0.81    541.16  141.38  9.05    12.12   20.14   380.96  252.50  21.51   12.98
180.60  52.07   21.88   19.46   18.81   9.48    22.75   2.45    21.77   5.23    40.35   0.71    540.41  141.31  9.06    11.72   20.08   379.57  252.24  21.18   14.12
176.16  51.88   22.07   19.80   18.86   8.25    22.91   2.80    22.45   5.48    40.63   1.20    539.54  140.94  9.05    11.46   19.81   377.90  251.85  20.82   14.92
171.73  51.75   22.25   20.25   18.96   7.23    23.35   3.03    23.08   5.37    40.81   1.51    537.90  140.69  9.07    11.54   19.53   375.76  251.03  20.81   15.82
167.17  51.40   22.61   20.71   18.94   6.12    23.12   3.21    23.72   5.47    40.96   2.27    536.05  140.58  9.18    12.22   19.38   373.38  250.01  20.40   16.73
162.34  51.22   22.77   20.96   19.02   5.51    23.14   3.40    24.49   5.53    41.11   3.11    533.97  140.38  9.27    12.23   19.20   370.44  248.95  20.34   17.59
157.87  51.14   23.04   21.14   19.07   4.66    23.04   3.59    24.95   5.64    41.08   3.31    531.30  140.18  9.43    12.25   18.81   367.18  247.63  19.82   18.43
153.22  50.84   23.08   21.44   19.01   3.95    23.20   4.55    25.72   5.70    41.13   3.63    528.27  139.63  9.38    12.69   18.43   363.98  246.35  19.83   19.16
148.49  50.79   23.53   21.71   19.05   3.69    22.89   5.16    26.26   5.49    40.86   3.58    524.99  139.55  9.50    13.00   19.11   360.13  244.70  19.82   19.80
143.83  50.61   23.79   21.98   18.94   2.53    22.75   5.22    26.76   5.02    40.45   3.91    521.10  139.33  9.67    13.46   18.86   356.25  242.98  19.10   20.75
139.18  50.62   23.98   22.12   18.92   2.38    22.74   4.64    27.30   5.30    39.67   3.85    517.69  138.76  9.97    13.43   18.40   352.23  241.19  18.94   21.43
134.65  50.63   24.26   22.05   18.80   1.92    22.41   4.09    27.54   5.57    38.54   3.64    512.36  138.19  10.41   13.96   17.86   347.82  239.26  18.74   21.90
129.75  50.67   24.30   22.17   18.74   0.59    22.14   4.25    27.90   5.70    37.10   3.37    508.08  137.49  10.93   14.26   17.84   343.49  237.23  17.91   22.69
125.33  50.85   24.40   22.25   18.70   1.22    21.64   4.39    28.01   6.12    35.43   3.21    502.73  136.94  11.51   14.93   17.60   338.82  234.96  17.97   23.16
121.02  50.90   24.50   22.35   18.92   1.60    20.91   5.33    28.23   6.29    33.89   3.57    497.11  136.30  12.09   15.43   17.51   334.16  232.57  17.08   23.54
116.77  50.74   23.99   22.19   18.88   2.18    19.71   6.65    28.17   6.87    32.24   4.25    490.83  135.62  12.64   15.94   17.36   329.91  230.18  16.54   24.06
112.86  50.70   23.78   22.08   18.66   2.54    18.78   7.64    27.90   7.85    30.99   4.26    484.44  135.11  13.33   16.58   16.98   325.49  227.83  15.80   24.66
108.97  50.61   23.29   21.79   18.47   2.02    17.83   8.38    27.90   8.32    29.80   4.88    477.46  134.63  14.04   17.02   17.04   320.88  225.19  15.29   24.67
105.28  50.66   22.92   21.38   18.19   1.77    16.51   8.89    27.78   8.24    28.83   5.13    470.41  134.37  14.64   17.66   17.13   316.38  222.65  13.59   24.52
101.99  50.69   22.58   20.82   17.82   1.49    15.48   9.12    27.42   7.85    28.06   4.87    463.36  133.85  14.54   18.19   16.99   311.49  220.32  12.91   24.36
98.87   50.47   22.38   19.88   17.15   0.80    14.25   9.17    27.23   6.62    27.47   4.52    455.50  133.68  14.19   18.77   17.27   306.95  217.61  13.43   24.15
96.00   50.72   22.13   18.64   16.65   0.47    13.18   8.76    26.84   5.71    26.79   4.27    447.55  133.35  13.94   18.22   17.48   302.29  214.82  12.87   24.11
93.60   50.68   22.06   17.43   16.20   1.01    11.79   7.58    26.55   5.47    26.03   3.99    439.46  133.01  13.43   18.02   17.30   297.69  212.18  12.16   24.11
91.46   50.64   21.70   16.22   15.74   1.14    10.59   4.61    26.25   5.93    25.07   3.68    430.94  132.59  13.27   17.94   16.82   293.09  209.42  11.70   24.14
89.53   50.82   21.53   15.15   15.27   0.87    10.02   3.56    25.92   6.14    23.78   3.45    422.31  131.85  12.32   17.83   16.48   288.61  207.08  11.49   24.28
88.12   50.88   21.29   14.45   14.60   1.34    9.25    3.80    25.76   5.90    22.64   3.24    413.51  131.31  12.16   17.61   16.14   284.19  204.41  11.72   24.55
86.74   51.05   20.98   13.77   14.25   1.79    8.64    4.53    25.78   5.36    21.37   3.09    404.30  130.46  11.85   17.28   15.60   279.67  201.80  11.80   24.65
85.98   51.15   20.55   13.30   13.80   1.70    8.70    4.71    25.43   5.00    19.97   2.94    394.75  129.55  11.59   17.19   14.93   275.46  199.24  11.92   24.46
85.51   51.27   20.15   12.92   13.60   1.34    9.02    3.69    25.43   4.94    18.84   2.91    385.36  128.72  11.25   16.99   14.17   271.11  196.87  12.39   24.91
85.25   51.57   19.51   12.68   13.26   1.38    8.75    3.39    25.28   5.06    17.68   2.84    375.72  127.88  11.05   16.69   13.69   266.86  194.48  12.61   25.03
85.02   51.73   18.84   12.43   13.15   1.55    7.38    3.25    24.64   5.23    16.45   2.82    365.48  127.40  10.50   16.55   13.02   263.12  192.23  12.75   25.06
85.06   51.99   18.00   12.31   13.19   1.46    7.53    3.03    24.03   5.20    15.55   2.74    355.68  126.89  11.03   16.21   12.86   259.22  189.86  13.37   25.23
85.30   52.20   17.42   12.01   13.58   1.27    8.03    2.82    23.44   4.79    14.64   2.69    345.70  126.27  10.67   16.01   12.31   255.41  187.53  13.83   26.12
85.62   52.41   16.55   12.07   13.87   1.28    8.55    2.72    22.69   4.13    14.13   2.48    335.59  125.96  10.36   15.68   12.43   251.68  185.31  14.47   25.66
85.99   52.90   15.96   12.00   14.17   1.52    7.10    2.42    22.20   3.53    13.50   2.30    325.71  125.63  10.06   15.52   12.44   248.38  183.06  14.81   24.46
86.36   53.27   15.50   11.92   14.39   1.68    7.93    2.21    21.38   3.01    12.24   2.03    315.48  125.42  9.84    15.16   12.17   244.93  181.71  14.67   25.04
86.93   53.49   14.79   11.91   14.66   1.73    8.25    1.79    20.68   2.97    11.12   1.90    305.39  125.02  9.61    14.95   12.02   241.84  180.51  15.02   25.67
87.55   53.78   14.03   11.86   14.98   1.67    8.41    1.55    19.92   3.01    9.91    1.76    295.40  125.49  8.87    14.59   11.97   238.96  178.78  15.16   25.99
87.86   54.23   13.49   11.86   15.33   1.68    8.57    1.51    19.25   2.95    8.90    1.61    285.24  125.43  8.50    14.19   11.85   236.32  177.07  14.87   25.92
88.56   54.66   13.01   11.87   15.74   1.76    8.71    2.09    18.48   2.48    8.12    1.40    275.26  125.18  8.20    13.96   11.57   233.82  175.63  15.59   25.25
89.03   54.95   12.51   11.91   16.18   1.78    8.89    2.74    17.79   2.24    7.23    1.29    265.09  125.06  7.97    13.68   11.01   231.52  174.43  16.21   24.83
89.68   55.39   12.32   11.88   16.24   1.84    9.14    3.15    17.15   1.87    6.61    1.13    255.29  125.08  7.69    13.47   10.74   229.53  173.21  16.45   23.88
89.98   55.60   11.99   11.81   16.30   1.88    9.40    3.49    16.80   1.82    6.09    0.97    245.45  125.20  7.42    13.17   11.06   227.57  172.11  16.58   23.09
90.35   56.03   11.87   11.77   16.71   1.93    9.33    3.72    16.54   1.67    6.10    1.00    236.16  125.26  7.27    12.98   10.68   225.96  171.25  16.70   22.48
90.76   56.39   11.59   11.94   16.78   2.08    9.24    3.93    16.33   1.50    6.23    0.98    226.76  125.40  7.35    12.78   10.37   224.40  171.10  16.86   22.00
91.02   56.75   11.47   11.82   16.93   2.03    9.31    4.22    16.34   1.64    6.54    1.01    216.92  125.59  7.43    12.72   10.04   223.22  170.09  17.03   21.25
91.30   57.16   11.37   11.95   17.00   2.02    9.45    4.58    16.57   1.77    6.57    1.07    207.63  125.82  8.44    12.67   9.538   222.20  169.54  17.01   20.99
91.35   57.48   11.24   11.84   16.91   1.94    9.59    5.14    15.84   1.87    5.42    1.08    198.55  126.08  7.95    12.99   9.14    220.73  168.79  16.99   20.44
91.33   57.82   11.07   12.09   16.85   1.88    9.27    5.53    15.46   1.62    4.44    1.16    189.21  126.21  8.66    12.91   8.71    220.56  168.57  16.76   19.96
91.24   58.21   11.16   11.98   16.64   1.87    8.95    6.02    15.19   1.94    3.45    1.19    179.96  126.56  9.24    13.19   8.31    219.42  168.36  16.62   19.63
91.03   58.61   11.09   11.87   16.50   1.88    8.24    6.27    15.11   1.82    2.73    1.09    171.33  126.98  10.02   13.37   7.58    218.98  168.33  16.21   19.38
90.81   59.01   10.93   11.76   16.41   2.03    7.74    6.72    14.99   2.07    2.26    1.52    162.79  127.27  10.51   13.10   7.25    218.61  168.82  15.84   19.17
90.44   59.23   10.53   11.49   16.22   2.10    7.17    6.95    15.00   2.16    2.30    1.72    154.35  127.57  11.55   13.75   7.10    218.55  169.10  15.19   19.04
89.98   59.75   10.53   11.26   16.12   2.25    6.84    7.38    15.07   2.57    2.72    1.84    146.00  127.94  12.01   15.22   6.74    218.47  169.31  14.22   19.21
89.16   60.06   9.88    10.67   15.37   2.24    6.55    7.76    15.11   3.05    3.47    1.58    138.18  128.36  11.59   14.80   6.49    218.61  169.56  13.87   19.38
88.53   60.36   9.73    10.18   14.68   2.25    6.17    7.95    15.30   2.77    4.44    1.62    130.42  128.58  10.50   13.96   6.98    218.91  170.06  13.78   19.95
87.67   60.75   9.53    9.69    14.41   2.36    5.79    7.88    15.44   2.43    5.32    1.66    122.85  128.78  9.71    13.33   6.54    219.28  169.59  13.60   19.33
86.62   60.99   9.65    9.30    13.95   2.51    5.51    8.12    15.50   2.10    6.28    1.40    116.07  129.15  9.53    12.80   6.21    219.86  170.17  13.52   17.46
85.65   61.07   9.48    8.79    13.48   2.36    5.35    8.62    15.69   1.50    7.19    1.42    109.51  129.54  9.52    12.72   6.50    220.50  170.67  13.42   16.92
84.39   61.37   9.49    8.27    13.02   2.50    5.09    9.33    15.97   1.05    6.76    1.58    103.03  130.16  8.76    11.14   6.85    221.17  171.24  13.45   15.55
83.01   61.47   9.78    7.76    13.18   2.69    5.09    9.61    16.26   0.96    6.37    1.77    97.25   130.39  8.35    10.71   7.47    222.23  171.98  13.12   14.57
81.65   61.43   9.96    7.49    13.13   2.96    5.21    9.76    16.65   0.95    6.05    2.30    91.62   130.55  8.20    10.35   6.77    223.05  172.59  13.17   13.61
80.04   61.72   10.19   7.26    12.73   2.83    5.39    10.03   17.01   1.51    5.98    2.69    86.25   130.69  8.04    10.33   6.50    224.31  172.93  12.96   12.78
78.37   61.80   10.65   7.20    11.89   3.04    5.74    10.30   17.46   2.37    6.15    3.75    81.26   130.96  8.25    10.49   5.39    225.47  173.62  12.56   12.49
76.66   61.76   11.07   5.95    11.46   3.10    6.16    10.36   18.01   3.63    6.39    4.34    76.04   131.27  8.07    10.61   4.82    226.70  174.46  12.41   12.38
74.85   61.92   11.35   4.56    11.02   3.49    6.60    11.01   17.76   4.15    6.73    4.20    71.21   131.52  9.29    10.95   4.58    228.29  175.28  12.31   12.67
72.89   62.05   11.80   3.52    10.54   3.71    7.10    11.19   17.62   3.36    7.11    4.47    66.61   131.69  8.53    11.50   4.34    229.79  176.20  12.11   14.22
71.09   62.17   12.30   2.43    10.44   4.20    7.60    11.82   17.56   2.76    7.70    4.48    62.02   132.15  10.09   12.46   4.44    231.55  176.98  11.78   14.38
69.23   62.39   12.83   2.04    10.52   4.48    8.08    12.27   17.54   2.65    8.36    4.79    57.94   132.44  10.86   13.20   4.66    233.27  177.94  11.74   15.48
67.61   62.57   13.11   2.43    10.57   5.02    8.18    12.23   17.67   2.96    8.97    5.10    53.59   132.70  11.83   14.07   5.12    235.07  179.07  11.62   16.85
65.68   62.83   13.62   3.07    10.67   5.74    8.14    12.29   17.85   3.59    9.45    5.97    50.45   132.80  12.85   14.04   5.40    237.01  180.08  11.51   18.51
63.74   62.99   14.02   4.00    10.75   7.51    8.11    12.43   18.08   4.40    10.17   6.69    46.89   132.94  13.70   12.87   5.79    238.84  181.23  11.51   17.79
61.85   63.13   13.66   4.89    11.21   8.22    8.02    12.20   18.36   5.61    10.92   7.91    44.67   133.11  12.41   12.79   6.45    240.98  182.40  11.41   17.26
60.36   63.17   13.47   5.85    11.48   9.04    7.87    12.17   18.89   6.43    10.96   9.27    42.01   133.22  11.37   12.24   6.95    243.38  183.50  11.29   16.90
58.73   63.23   13.02   6.74    11.90   9.86    8.06    12.23   18.76   7.53    11.02   10.14   40.97   133.32  10.12   11.32   6.99    245.50  184.75  11.38   16.82
56.98   63.24   12.85   7.59    12.51   10.30   7.91    12.33   18.44   8.62    11.10   10.70   39.51   133.39  9.18    10.67   7.07    247.76  186.31  11.27   16.86
55.15   63.24   12.80   8.39    12.74   9.32    7.89    12.39   18.20   10.07   11.20   11.50   40.14   133.46  8.36    10.07   7.49    249.92  187.66  11.19   17.21
53.88   63.41   13.11   9.04    13.13   10.34   8.00    12.90   18.00   11.77   11.37   12.34   40.01   133.62  7.22    9.15    7.23    252.40  189.18  11.25   17.55
52.60   63.49   12.27   9.05    13.38   11.31   7.91    13.65   17.91   13.27   11.63   13.17   40.66   133.87  6.95    9.05    7.42    254.56  190.75  11.32   18.08
51.20   63.64   12.48   9.55    13.49   12.17   8.20    13.77   17.80   14.78   11.91   14.02   41.75   134.22  7.21    8.68    7.37    257.14  192.45  11.22   18.94
49.82   63.81   12.82   9.76    13.59   12.89   8.14    14.04   17.82   15.47   12.23   14.94   43.47   134.30  7.65    8.99    7.23    259.51  194.02  11.34   19.67
48.65   64.05   11.46   10.20   13.66   13.64   8.15    14.36   17.80   16.06   12.59   15.58   45.59   134.36  8.12    9.29    6.98    261.92  195.66  11.34   20.24
47.65   64.25   11.62   10.34   13.66   14.61   8.12    14.82   17.78   16.07   13.14   16.16   47.79   134.75  8.76    9.84    6.93    264.27  197.36  11.44   21.05
46.76   64.36   10.95   10.40   13.76   15.58   8.32    15.42   17.83   15.80   13.55   16.48   50.53   134.94  9.21    10.62   6.72    266.69  199.23  11.40   21.87
46.02   64.62   11.10   10.57   13.73   16.84   8.23    16.00   17.30   15.14   13.86   16.61   52.69   135.25  10.19   11.66   6.67    269.34  201.02  11.47   22.94
45.22   64.87   11.39   10.55   13.61   18.14   8.32    16.61   16.96   14.35   14.27   16.68   55.96   135.61  11.25   12.79   6.35    271.86  202.76  11.62   23.94
44.49   65.06   11.71   10.21   13.58   19.42   8.50    17.17   16.68   14.28   14.84   16.56   58.47   135.93  12.28   13.67   6.20    274.40  204.35  11.73   23.53
43.96   65.34   11.38   10.25   13.50   20.32   8.44    17.72   16.45   14.26   15.19   16.91   61.52   136.34  10.48   12.34   6.08    277.03  206.26  11.83   23.00
43.14   65.55   11.37   10.37   13.53   20.96   8.58    18.29   16.28   14.39   15.64   17.11   64.19   136.62  8.69    11.17   6.09    279.68  208.00  11.98   22.65
43.19   65.75   11.95   10.68   13.55   22.11   8.66    18.56   16.14   14.82   16.03   17.15   66.44   137.00  7.04    10.20   5.97    282.57  209.71  12.12   22.39
43.04   66.05   10.98   10.86   13.67   22.35   8.65    18.67   15.87   14.65   16.34   17.26   68.84   137.30  5.26    9.71    5.87    285.41  211.57  12.21   22.18
42.97   66.21   10.60   11.01   13.76   22.64   8.75    19.09   15.73   14.71   16.85   17.44   71.44   137.59  3.70    9.81    5.91    288.56  213.37  12.53   22.32
42.94   66.55   11.22   11.27   13.80   22.70   8.80    19.27   15.55   14.92   17.07   17.38   73.39   137.90  3.28    8.61    5.99    291.48  215.09  12.82   22.54
42.93   66.67   11.46   11.49   13.95   22.72   8.95    19.50   15.31   15.08   17.14   17.94   75.54   138.23  3.31    7.88    6.20    294.81  216.78  12.86   22.52
43.22   66.93   11.40   11.73   14.24   22.60   8.98    19.77   15.13   15.46   17.21   18.10   77.84   138.55  4.41    8.75    6.40    297.96  218.63  13.18   22.89
43.36   67.07   11.48   11.86   14.33   22.34   9.08    19.93   15.03   15.90   17.32   18.34   79.73   138.84  6.01    9.37    6.64    301.55  220.16  13.48   23.27
43.87   67.27   11.61   11.76   14.19   21.92   9.15    20.52   14.68   16.29   17.30   18.57   81.55   139.18  7.75    11.02   6.88    304.99  222.01  13.82   23.97
44.19   67.39   11.72   11.85   14.21   21.00   9.34    20.93   14.49   16.75   17.52   18.76   83.48   139.45  9.23    11.97   7.21    308.68  223.49  14.07   24.14
44.59   67.52   11.82   11.76   14.19   20.03   9.40    21.02   14.22   17.08   17.49   19.00   85.42   139.69  7.02    12.51   7.66    312.41  225.19  14.40   23.72
45.27   67.61   11.79   11.71   14.22   19.20   9.45    21.35   13.93   17.42   17.52   19.34   87.18   139.95  4.94    11.54   8.14    316.35  226.60  14.73   23.83
45.86   67.74   11.87   11.75   14.32   18.59   9.62    21.75   13.62   18.06   17.57   19.71   88.66   140.19  3.04    10.63   8.63    320.21  228.31  14.99   23.64
46.72   67.85   11.98   11.70   14.22   17.98   9.71    21.86   13.11   18.71   17.72   19.80   90.36   140.41  1.87    9.62    9.04    324.35  229.95  15.27   23.59
47.95   67.80   11.93   11.77   14.34   17.40   9.74    21.88   12.80   19.25   17.70   19.61   91.97   140.53  2.45    9.61    9.52    328.34  231.42  15.53   23.86
48.87   67.85   12.11   11.70   14.21   16.89   9.70    21.57   12.57   19.82   17.83   19.43   93.68   140.69  3.92    9.89    10.20   332.94  232.77  15.80   24.06
50.04   67.89   12.16   11.74   14.05   16.83   9.68    21.25   12.31   19.91   17.77   19.41   95.15   140.78  5.52    10.32   10.66   337.13  234.30  16.14   24.36
51.30   67.97   12.31   11.70   13.86   16.58   9.71    20.57   11.97   19.96   17.88   19.35   96.86   140.94  6.96    11.10   10.45   342.84  235.75  16.47   24.59
52.46   67.93   12.37   11.82   13.92   16.64   9.72    19.84   11.63   20.19   17.74   19.35   98.35   141.11  6.02    11.86   10.28   347.49  237.30  16.72   24.73
53.96   67.88   12.66   11.90   14.07   16.65   9.73    19.09   11.35   20.34   17.77   19.43   99.87   141.27  4.41    11.03   10.26   351.94  238.83  16.84   24.93
55.30   68.02   12.77   11.90   13.75   16.47   9.88    18.28   11.12   20.58   17.83   19.49   101.28  141.47  3.26    10.62   10.32   356.52  240.24  17.02   24.75
57.03   67.95   12.93   11.96   13.57   16.35   9.97    17.43   10.96   20.88   18.05   19.59   102.97  141.51  2.89    10.35   10.55   361.12  241.79  17.33   24.55
58.82   67.94   13.21   12.12   13.53   16.43   10.01   16.88   11.03   20.96   18.04   19.74   104.41  141.64  3.49    10.28   10.71   365.63  243.13  17.60   23.99
60.40   67.83   13.53   12.11   13.51   16.74   10.09   15.87   11.36   21.05   18.22   19.89   105.63  141.72  4.35    10.56   10.98   370.18  244.34  17.78   23.69
61.99   67.66   13.75   12.14   13.30   17.22   10.18   15.29   11.72   21.21   18.30   20.03   106.57  141.70  5.42    10.94   11.33   374.79  245.86  18.04   22.99
63.74   67.58   13.95   12.22   13.76   17.88   10.26   14.71   12.36   21.38   18.44   20.25   107.82  141.77  6.56    11.40   11.46   379.45  247.05  18.39   22.53
65.31   67.53   14.20   12.24   13.50   18.60   10.37   14.26   11.98   21.47   18.48   20.43   108.70  141.70  5.78    11.96   11.61   384.08  248.15  18.54   22.21
66.95   67.37   14.45   12.29   13.31   19.27   10.54   13.59   11.64   21.59   18.61   20.67   109.34  141.79  5.66    12.00   11.96   388.42  249.32  18.83   21.75
68.54   67.26   14.61   12.44   13.15   20.15   10.75   12.69   11.37   21.56   18.56   21.00   109.97  141.73  5.38    11.88   12.14   393.13  250.20  18.98   21.21
70.20   67.19   14.88   12.65   12.91   21.05   10.84   11.99   11.13   21.47   18.71   21.18   110.37  141.65  5.55    11.91   12.37   397.86  251.03  18.81   21.04
71.81   67.07   15.07   12.63   12.77   22.10   10.95   11.26   11.03   21.64   18.85   21.58   110.69  141.53  5.84    11.67   12.42   402.31  251.73  19.01   20.65
73.31   66.90   15.36   12.72   12.58   23.16   11.02   10.61   10.97   21.72   18.90   21.96   110.72  141.47  6.43    11.91   12.76   406.72  252.09  19.14   20.53
74.78   66.75   15.64   12.64   12.36   24.31   11.06   10.18   11.02   21.77   18.94   22.22   110.63  141.30  6.95    11.36   14.59   411.16  252.34  19.24   20.34
76.32   66.32   15.96   12.59   12.33   25.37   10.99   9.92    11.06   21.90   19.01   22.71   110.36  141.19  7.50    11.60   15.35   415.51  252.31  19.44   20.15
77.80   66.19   16.16   12.67   12.31   26.80   11.07   9.69    11.24   22.09   19.06   23.12   109.96  141.11  8.08    11.78   14.30   419.65  251.91  19.64   19.91
79.19   66.03   16.49   12.51   12.15   27.75   11.06   9.63    11.41   22.30   19.00   23.53   109.32  140.94  8.54    12.07   15.01   423.55  251.25  19.71   19.70
80.64   65.87   16.80   12.57   12.04   28.73   11.12   9.72    11.63   22.65   18.99   23.90   108.64  140.87  8.74    12.34   15.40   427.23  250.25  19.72   19.59
81.88   65.72   17.41   12.60   11.64   29.57   11.07   9.59    11.74   22.64   19.01   24.25   107.77  140.77  8.86    12.49   14.86   430.77  248.96  19.97   19.71
83.29   65.52   17.93   12.62   11.30   30.27   11.10   9.39    11.87   22.72   18.94   24.61   106.90  140.71  9.00    13.43   15.17   434.15  247.45  19.97   19.53
84.53   65.33   18.32   12.58   11.06   31.01   11.22   9.57    11.97   23.14   18.94   24.91   105.61  140.48  9.16    13.32   15.68   437.26  245.58  20.15   19.33
85.85   65.17   18.84   12.63   10.79   31.69   11.13   9.42    12.04   23.59   18.77   25.27   104.43  140.30  9.12    13.20   16.08   440.06  243.63  20.34   19.02
86.99   65.02   19.26   13.30   10.65   32.22   11.06   9.51    12.11   24.01   18.61   25.46   103.06  140.09  9.04    13.03   15.58   442.53  241.50  20.44   18.82
88.29   64.83   19.62   13.47   10.58   32.88   11.17   9.37    12.23   24.20   18.46   25.77   101.78  140.03  8.90    12.62   16.00   444.76  239.13  20.35   18.50
89.36   64.65   20.03   13.77   10.67   33.31   11.09   9.23    12.26   24.31   18.26   26.12   100.23  140.00  8.87    12.30   16.27   446.55  236.74  20.62   18.10
90.55   64.46   20.31   13.70   10.84   33.61   11.05   9.24    12.45   24.60   18.05   26.30   98.72   139.87  8.38    11.94   16.64   448.19  234.15  20.77   17.64
91.72   64.19   20.64   13.70   10.85   34.05   11.00   9.01    12.66   24.74   17.78   26.61   97.08   139.78  8.31    11.68   17.32   449.69  231.47  20.41   17.18
92.84   63.94   21.03   13.72   10.91   34.64   10.80   9.08    13.02   24.98   17.46   27.03   95.52   139.57  8.03    11.16   17.65   450.64  228.65  20.61   16.80
93.90   63.61   21.29   13.77   10.93   34.72   10.76   8.86    13.42   25.17   17.13   27.15   93.94   139.42  7.89    10.64   18.07   451.07  225.63  20.79   16.44
95.02   63.33   21.62   13.79   11.02   35.03   10.57   8.75    13.70   25.56   16.89   27.59   92.30   139.35  7.77    10.06   18.44   451.11  222.42  20.93   16.12
95.90   63.14   21.78   13.56   10.56   35.46   10.54   8.80    14.11   25.98   16.66   28.00   90.76   139.28  7.60    9.63    18.77   450.77  219.27  21.12   16.05
96.82   62.75   22.21   13.54   10.64   36.03   10.61   8.60    14.40   26.36   16.47   28.51   89.09   139.10  7.04    9.60    19.16   450.00  215.83  21.27   15.99
98.00   62.35   22.57   13.44   10.79   36.39   10.47   8.69    14.07   26.67   16.24   28.90   87.62   138.93  5.54    9.00    19.63   448.98  212.25  21.41   16.36
98.90   61.90   22.87   13.36   11.03   36.67   10.24   8.74    13.06   27.31   16.02   29.18   85.99   138.72  2.51    9.56    20.23   447.63  208.56  21.46   17.17
99.61   61.49   22.90   13.41   11.20   36.93   10.18   8.82    12.28   27.96   15.69   29.55   84.70   138.51  3.41    10.19   20.73   445.85  204.81  21.50   16.41
100.28  61.18   23.06   13.46   11.30   37.10   9.97    9.00    12.65   28.75   15.42   29.88   83.46   138.50  5.12    9.85    20.99   444.00  200.76  21.56   14.30
100.79  61.21   23.13   13.50   11.32   37.50   10.03   9.23    13.68   29.28   15.20   30.39   82.36   138.34  4.99    10.09   21.41   441.59  196.74  21.46   16.31
101.40  60.69   23.36   13.82   11.32   37.72   10.02   9.62    14.93   29.31   14.93   31.09   81.44   138.27  5.10    10.90   21.72   439.13  192.59  21.40   20.03
101.86  60.37   23.29   14.37   11.38   37.65   9.79    10.08   16.44   29.57   14.85   31.30   80.85   138.09  5.94    11.21   21.82   436.42  188.45  21.37   22.04
102.30  60.05   23.68   14.74   11.51   37.83   9.65    10.86   17.97   30.10   14.71   31.83   80.36   137.85  6.73    10.97   22.16   433.46  184.12  21.28   22.58
102.48  59.74   24.21   15.14   11.67   37.89   9.51    11.56   19.34   30.43   14.57   32.35   79.91   137.78  6.51    10.73   22.35   430.28  179.64  21.15   22.23
102.75  59.61   24.82   15.56   11.81   37.88   9.31    12.37   20.38   30.95   14.49   32.95   79.24   137.55  5.14    10.41   22.59   427.06  175.25  20.94   21.49
102.85  59.36   25.40   16.58   11.91   37.95   9.19    13.15   21.19   31.59   14.55   33.50   78.04   137.96  4.04    10.17   22.76   421.77  170.86  20.81   19.53
102.80  59.12   24.82   16.49   11.96   38.05   8.91    13.99   22.04   32.14   14.68   34.00   77.81   138.12  3.98    9.78    23.02   418.29  166.44  20.69   18.29
102.62  58.86   24.58   16.82   12.14   38.02   8.69    14.79   22.97   32.74   14.94   34.69   77.50   138.07  4.72    9.66    23.26   414.98  161.83  20.39   18.71
101.97  58.62   24.31   17.27   12.21   37.99   8.33    15.64   23.46   33.28   14.79   35.18   77.36   138.34  5.47    10.03   23.65   411.65  157.38  20.03   20.10
101.32  58.42   25.39   17.88   12.43   38.12   8.13    16.28   23.84   33.80   14.79   35.86   77.03   138.66  6.04    10.49   24.37   408.15  152.86  19.70   21.69
100.38  58.17   25.23   18.55   12.55   38.05   7.97    16.09   23.96   34.83   14.96   36.35   76.62   138.42  6.31    10.77   24.64   404.85  148.26  19.44   22.12
99.56   57.82   24.86   19.06   12.69   37.95   8.05    15.96   23.79   35.83   15.10   36.95   75.95   138.67  6.76    10.91   25.10   401.58  143.64  19.16   22.09
98.60   57.68   22.74   20.11   13.06   37.99   8.47    15.76   23.34   36.45   15.39   37.56   75.23   138.68  6.91    10.86   25.56   398.49  139.16  18.85   21.41
97.63   57.55   21.98   20.91   13.50   38.00   9.10    15.71   22.17   36.83   15.56   37.95   74.38   138.63  7.14    10.88   25.89   395.33  134.70  18.74   20.64
96.60   57.27   22.49   21.73   14.30   37.88   9.68    15.60   21.38   37.58   15.91   38.45   73.28   138.52  7.57    11.06   26.15   392.55  130.17  18.56   20.23
95.42   57.13   21.68   22.39   15.12   37.74   10.07   15.85   20.70   38.07   16.09   38.83   71.72   138.33  8.35    11.20   26.41   389.45  125.73  18.59   20.20
93.99   57.10   21.62   22.85   16.18   37.43   10.37   15.75   19.66   38.65   16.44   39.22   69.88   138.46  8.88    11.10   26.75   386.49  121.24  18.58   20.43
92.57   57.11   21.54   22.97   17.18   37.29   10.68   15.74   19.20   39.29   16.68   39.43   67.70   138.30  9.00    10.93   27.00   383.42  116.98  18.59   20.75
91.18   57.01   21.46   23.48   18.46   36.80   10.97   15.95   19.09   39.70   16.99   39.63   65.25   138.41  9.18    10.70   27.32   380.57  112.58  18.45   21.10
89.97   56.85   21.87   24.11   19.36   36.52   11.39   16.35   18.61   40.40   17.52   39.57   63.00   138.15  9.27    10.42   27.59   377.84  108.36  18.46   21.16
88.68   56.80   21.89   24.59   20.15   36.03   11.74   16.81   18.44   40.87   17.97   39.67   60.90   138.38  9.35    10.14   27.31   375.02  104.30  18.53   21.03
87.01   56.86   21.97   25.23   20.64   35.66   12.42   17.78   18.53   40.86   18.67   39.67   57.93   138.47  9.43    10.00   26.66   372.12  100.27  18.67   20.79
85.36   56.84   22.35   25.77   21.42   35.25   13.04   18.24   18.62   40.97   19.52   39.58   54.76   138.20  9.48    10.11   26.55   369.55  96.56   18.98   20.61
83.97   56.78   22.41   26.11   22.10   34.55   13.89   18.57   18.68   40.81   20.13   39.27   51.70   138.56  9.72    10.45   26.24   367.25  93.03   19.30   20.52
82.57   56.98   23.00   26.93   22.50   33.92   14.60   18.71   18.82   40.71   21.05   39.26   48.71   138.47  9.79    11.04   25.68   364.64  89.64   19.76   20.52
80.79   57.10   23.38   27.52   23.38   33.15   15.43   19.41   19.02   40.57   21.87   39.01   45.85   138.54  9.77    11.59   25.41   362.03  86.39   20.16   20.70
79.00   57.18   24.46   28.07   23.92   33.10   16.35   19.88   19.29   40.50   22.91   38.80   42.96   138.65  9.85    11.91   25.23   359.55  83.37   20.77   20.97
77.51   57.26   24.57   28.30   24.72   32.13   17.37   20.35   19.36   39.63   23.76   38.35   39.83   138.62  10.01   12.01   25.23   357.08  80.49   21.21   21.20
76.22   57.45   25.06   28.91   25.38   32.17   18.37   20.15   19.41   40.06   24.78   38.03   36.74   138.61  10.07   11.93   25.11   354.50  78.03   21.95   21.31
74.40   57.59   26.25   29.12   26.19   30.85   19.49   19.15   19.69   39.54   25.61   37.44   34.16   138.50  10.17   11.94   24.60   352.14  75.77   22.64   21.39
72.79   57.64   26.60   29.50   26.84   29.67   20.57   18.97   20.25   39.24   26.56   36.86   31.26   138.35  10.46   11.94   24.30   349.99  73.71   23.21   21.35
71.28   57.83   27.48   29.57   27.29   28.50   21.79   18.61   21.34   38.66   27.56   36.15   29.00   138.32  10.55   12.11   23.85   347.48  71.68   24.18   21.33
70.23   57.88   27.75   30.02   27.39   27.33   22.79   18.30   22.66   38.33   28.36   35.51   26.09   138.27  10.71   12.07   23.70   345.42  70.00   24.72   21.28
68.66   57.99   28.12   30.05   27.77   26.29   23.93   18.34   23.84   37.66   29.41   34.84   23.15   138.22  10.78   12.14   23.71   343.39  68.68   25.65   21.29
67.32   58.08   28.30   30.36   28.10   24.96   24.87   17.77   24.75   37.46   30.35   34.06   20.62   138.09  10.78   11.93   23.66   341.39  67.33   26.40   21.29
66.05   57.97   28.28   30.29   28.50   24.40   25.93   16.96   25.35   36.79   31.32   33.52   18.44   137.93  10.85   11.79   23.69   339.39  66.29   27.18   21.40
65.11   57.96   28.52   30.04   28.97   23.41   26.86   16.49   26.14   36.09   32.11   32.79   16.48   137.84  10.82   11.48   23.83   337.70  65.48   28.01   21.37
64.32   57.85   28.18   29.88   29.29   21.85   27.76   16.00   26.96   35.32   33.03   32.25   15.09   137.60  10.73   11.23   23.88   335.94  64.83   28.60   21.20
63.07   57.72   27.47   29.54   29.79   21.09   28.63   15.88   27.87   34.75   34.17   31.75   14.25   137.45  10.44   10.91   24.13   334.60  64.37   29.30   21.18
62.15   57.50   28.43   29.29   30.20   20.29   29.46   15.94   28.82   34.07   35.12   31.18   12.88   137.20  10.62   10.67   24.17   333.97  64.29   29.88   20.81
61.35   57.25   28.91   29.00   30.70   20.10   30.30   15.96   29.82   33.51   36.00   30.45   11.16   136.94  10.50   10.72   23.96   332.92  64.31   30.36   20.20
60.78   56.94   29.58   28.84   31.18   18.77   31.02   15.95   30.87   32.95   36.72   29.66   9.99    136.87  10.14   10.71   24.01   330.86  64.47   30.85   20.52
60.42   56.52   30.16   28.65   31.43   18.50   31.72   16.19   32.21   32.35   37.61   28.86   9.10    136.53  9.97    10.99   24.44   330.75  64.88   31.31   20.30
59.80   56.07   30.61   28.55   31.86   18.70   32.29   15.39   33.47   31.56   38.42   27.87   9.16    136.10  9.95    11.11   24.51   330.08  65.41   31.55   19.97
59.13   55.63   30.83   28.39   32.24   18.40   32.78   15.00   34.68   31.30   39.41   26.96   9.61    135.81  9.73    10.89   24.60   329.43  66.27   31.74   19.83
58.60   55.00   31.25   28.11   32.52   18.54   33.21   14.57   36.08   30.52   40.32   26.20   10.43   135.37  9.65    10.82   25.10   328.93  67.14   32.05   19.22
58.20   54.29   31.71   27.78   32.73   18.99   33.70   14.21   37.36   29.89   41.14   25.42   11.38   135.02  9.23    10.84   24.70   328.45  68.32   32.08   18.86
58.06   53.58   31.92   28.00   33.00   17.47   34.13   14.21   38.55   29.26   42.39   24.53   12.48   134.53  8.79    10.87   24.63   328.25  69.59   32.21   18.48
57.84   52.81   32.11   27.81   33.18   15.96   34.54   14.12   39.61   28.48   43.23   23.49   13.28   134.25  8.38    10.98   24.69   328.42  71.23   32.35   17.98
57.74   52.03   32.25   28.04   33.22   14.70   34.92   14.19   40.30   28.19   44.08   22.71   13.91   133.59  8.38    10.67   24.65   328.71  73.02   32.35   17.88
57.53   51.06   32.31   27.26   33.23   13.09   35.22   14.60   40.81   26.91   44.93   21.88   14.18   133.21  8.17    11.42   24.70   328.39  74.88   32.32   17.00
57.25   50.14   32.26   27.55   33.77   12.07   35.54   14.98   41.33   26.36   45.79   21.37   14.52   132.64  8.27    11.21   24.72   328.50  76.84   32.28   16.79
56.88   49.10   32.03   28.02   33.96   10.98   35.94   15.53   41.72   26.28   46.59   21.01   14.82   132.16  7.78    11.16   24.82   329.04  78.88   32.23   16.19
56.66   48.13   31.87   29.22   33.93   10.02   36.08   16.05   41.80   25.64   47.33   20.66   15.35   131.48  7.66    10.99   25.04   329.24  81.33   32.26   16.20
56.55   47.09   31.78   29.52   33.71   9.590   36.34   16.65   41.89   25.56   48.42   20.20   15.79   130.97  7.55    11.30   25.17   329.87  83.95   32.12   15.52
56.43   46.05   31.57   30.16   33.47   9.602   36.52   17.19   41.80   25.74   49.27   20.39   16.30   130.49  7.83    11.85	25.31	330.66	86.73   32.03   15.21
56.27   45.06   31.45   30.77   33.58   10.31   36.79   17.82   41.60   25.21   50.01   20.59   16.78   129.86  8.58    12.62   25.45   331.25	89.39   31.87	14.88
56.22   43.90   31.22   31.14   33.47   11.26   36.94   18.45   41.23   25.62   50.74   21.13   17.32   129.28  9.23    13.68   25.52   331.91  92.29   31.77   14.59
56.03   43.01   31.12   31.60   33.44   12.63   36.92   18.96   40.83   25.83   51.42   21.95   17.89   128.30  9.41    15.12   25.43   332.86  95.20   31.59   14.23
55.62   42.17   30.82   31.80   33.43   14.35   36.92   19.48   40.09   25.36   53.26   20.78   18.55   127.71	10.03   16.82   25.33   333.86  98.33   31.42   13.42
55.11   40.99   30.40   32.28   33.39   16.20   36.84   19.73   39.13   24.20   52.91   19.75   19.23   127.06  11.08   18.49   25.49   334.80  101.59  31.12   12.94
54.68   39.99   30.04   32.90   33.34   15.55   36.72   19.98   38.01   22.92   53.77   19.17   20.08   126.29  12.25   20.08   25.23   335.86  104.76  30.94   13.66
54.44   38.96   29.73   33.67   33.43   14.55   36.67   20.39   36.81   21.59   54.30   18.69   20.92   125.78  13.71   21.13   25.36   337.00  107.86  30.76   14.13
54.08   37.93   28.97   34.35   33.66   13.74   36.62   20.75   35.43   21.22   55.04   18.22   21.69   125.04  15.27   22.08   25.36   338.36  111.22  30.65   14.89
53.86   36.98   28.12   35.21   33.89   13.02   36.60   21.11   33.87   20.95   56.53   18.04   22.54   124.47  17.02   23.28   25.10   339.92  114.65  30.26   15.46
53.59   35.98   27.52   36.23   33.92   12.62   36.68   21.63   32.31   20.75   56.69   18.60   23.26   124.04  18.86   24.53   24.98   341.32  118.08  30.27   15.99
53.36   35.13   27.00   36.77   34.13   12.58   36.70   21.85   30.33   21.16   57.49   19.23   24.42   123.52  20.18   26.14   24.34   343.64  121.46  29.40   16.37
52.97   34.22   26.63   37.27   34.50   12.98   36.80   22.18   28.42   21.73   58.21   20.04   25.83   123.08  21.48   28.31   24.18   345.52  125.06  28.91   16.25
52.58   33.34   26.25   37.82   34.63   13.61   36.76   22.42   26.45   22.41   59.61   20.90   27.43   122.56  22.90   30.38   24.11   347.63  128.57  28.35   15.84
52.27   32.51   25.95   38.27   34.70   14.59   36.97   22.56   24.90   23.79   59.77   21.87   29.13   122.08  24.68   32.72   23.95   349.49  132.03  27.74   15.65
52.01   31.66   25.77   38.53   34.89   15.70   37.13   22.76   23.54   24.83   60.54   22.12   31.11   121.70  26.73   34.52   24.46   351.25  135.88  27.18   15.81
51.70   30.80   25.56   38.94   35.07   16.92   37.18   23.11   21.52   25.72   61.90   21.23   33.27   120.99  28.97   35.71   24.18   353.26  139.42  26.62   15.98
51.64   29.97   25.46   39.00   35.31   18.27   37.32   23.05   19.73   25.49   62.02   20.94   35.51   120.60  31.23   36.31   24.08   355.20  142.83  26.13   16.09
51.54   29.18   25.31   39.81   35.59   18.68   37.53   23.13   18.09   25.03   62.60   20.35   37.95   120.13  32.56   36.35   23.81   357.36  146.39  25.65   16.21
51.61   28.41   25.26   39.94   35.74   17.68   37.66   23.20   16.74   24.15   63.93   20.13   40.47   119.51  33.23   36.14   23.77   359.65  149.97  25.29   16.46
51.47   27.64   25.05   39.80   36.02   16.96   37.71   23.21   15.51   23.91   64.09   21.02   43.06   118.86  32.93   35.77   23.66   361.83  153.50  25.02   16.49
51.24   26.96   24.85   39.67   36.23   16.54   37.84   23.15   14.55   23.72   64.48   21.01   45.89   118.39  32.87   35.67   23.63   364.25  156.93  24.71   16.56
51.12   26.26   24.79   38.52   36.49   16.44   37.96   23.35   13.61   23.68   65.70   21.05   48.75   117.86  32.95   35.57   23.64   366.57  160.60  24.56   16.59
51.13   25.46   24.77   38.28   36.51   16.53   37.96   23.59   12.82   24.34   65.78   21.73   51.66   117.28  33.03   35.50   23.25   369.30  164.11  24.65   16.57
51.06   24.80   24.80   38.05   36.70   16.79   37.95   23.67   12.32   24.29   66.31   22.21   54.65   116.60  33.30   35.63   23.23   371.98  167.66  24.38   16.60
51.01   24.01   24.83   37.71   36.84   17.09   37.92   23.69   12.06   24.25   66.91   21.77   57.69   116.13  33.76   35.45   23.29   374.90  171.20  24.04   16.36
51.18   23.40   25.02   37.22   36.93   18.46   37.92   23.73   11.94   24.17   67.40   20.12   60.80   115.38  34.04   35.24   23.36   377.87  174.70  23.91   16.04
51.24   22.77   25.11   36.84   36.88   19.60   37.89   23.90   11.70   22.80   67.76   19.16   63.93   114.68  33.98   34.64   23.41   381.12  178.07  23.75   15.93
51.25   22.21   25.40   36.39   36.96   19.70   37.74   24.05   11.77   21.15   68.33   18.52   67.20   114.04  33.83   33.86   23.60   384.22  181.41  23.58   14.88
51.11   21.61   25.58   36.16   36.70   18.57   37.59   23.96   11.96   19.94   68.58   18.28   70.35   113.62  33.48   33.00   23.68   387.69  184.86  23.34   13.94
50.84   20.94   25.82   35.80   36.70   17.88   37.37   23.89   12.09   19.20   69.58   18.26   73.67   112.75  32.68   31.83   23.87   390.82  188.08  23.33   12.98
50.65   20.15   25.92   35.44   36.55   17.27   37.18   23.75   12.21   19.11   69.41   18.58   76.94   111.81  31.88   30.57   24.21   394.20  191.38  23.13   11.86
50.50   19.54   26.14   35.19   36.42   17.04   36.94   23.47   12.35   19.63   69.36   19.18   80.28   111.20  31.08   28.90   24.43   397.61  194.85  22.64   10.73
50.39   19.07   26.45   35.27   36.38   17.01   36.71   23.37   12.54   21.16   69.80   19.83   83.74   110.54  30.26   27.90   24.62   400.84  197.94  22.36   9.35 
50.25   18.64   26.63   35.01   35.97   16.99   36.57   23.45   11.74   21.48   70.07   19.20   86.92   109.70  29.55   27.11   24.98   404.55  201.10  20.90   8.02 
50.08   18.17   26.90   34.91   35.86   17.26   36.33   23.41   10.64   21.21   70.36   18.67   90.28   108.95  28.82   26.43   25.30   408.08  204.24  20.71   6.33 
49.96   17.64   26.88   35.15   35.37   16.67   36.18   23.65   9.89    22.39   70.27   18.42   93.62   108.19  28.20   25.79   25.66   411.63  207.32  20.65   5.41 
49.84   17.25   27.05   35.33   35.18   15.55   36.13   24.16   9.27    23.59   70.69   18.41   96.87   107.46  27.52   25.17   26.04   414.91  210.39  20.68   4.17 
49.58   16.69   27.16   35.06   35.25   14.34   35.92   24.38   8.81    24.73   70.61   18.40   100.18  106.63  26.96   24.73   26.45   418.71  213.22  20.82   3.17
49.45   16.44   27.21   35.09   35.10   13.05   35.83   24.84   8.46    25.82   70.89   18.60   103.29  105.85  26.63   24.22   26.70   421.88  216.33  20.72   2.59 
49.28   16.02   27.48   35.18   34.88   12.69   35.76   25.30   8.39    26.37   70.95   18.73   106.52  104.91  26.32   23.86   26.92   425.32  219.08  21.51   3.00 
49.01   15.81   27.62   35.33   34.57   12.53   35.67   25.36   7.85    26.46   71.12   19.01   109.72  104.18  25.56   23.66   27.16   428.91  221.95  21.87   3.93 
48.86   15.57   27.66   35.40   34.48   12.72   35.56   25.45   8.04    26.38   71.15   19.59   112.87  103.40  25.13   23.36   27.37   432.51  224.61  22.03   5.11 
48.81   15.39   27.52   35.62   34.44   13.34   35.53   25.30   7.98    26.61   71.23   19.38   116.00  102.58  24.86   23.33   27.72   435.77  227.30  22.38   6.46 
48.59   15.49   27.87   36.02   34.30   14.12   35.50   25.26   8.16    26.40   71.97   19.30   118.78  101.79  25.12   23.20   27.96   439.06  230.10  22.60   7.51 
48.39   15.30   27.87   36.29   34.55   15.30   35.45   25.18   8.39    26.00   72.00   19.41   121.69  100.96  25.08   23.27   28.14   442.39  232.54  22.75   8.98 
48.39   15.14   28.00   36.69   34.07   16.44   35.42   25.02   8.47    26.58   71.87   19.40   124.42  100.11  25.25   23.29   28.35   445.52  235.15  23.10   10.03
48.26   15.29   28.45   37.60   34.59   17.57   35.44   24.98   8.61    26.18   71.87   19.89   127.08  99.13   25.45   23.40   28.70   448.44  237.64  23.36   10.70
48.29   15.32   28.50   37.93   34.98   18.88   35.29   24.82   8.43    25.88   71.72   20.17   129.38  98.49   25.71   23.68   29.05   451.59  239.88  23.55   11.30
48.36   15.51   28.42   38.47   35.11   19.93   35.17   24.73   8.38    25.73   71.65   20.58   131.96  97.48   25.99   23.88   29.71   453.67  242.31  23.94   12.01
48.43   15.68   28.71   38.82   35.18   20.89   35.12   24.39   8.44    25.90   71.55   20.93   134.24  96.73   26.52   24.35   30.40   456.43  244.65  24.26   13.02
48.52   15.80   29.32   39.26   35.57   21.64   35.15   25.16   8.44    26.03   71.33   21.19   136.16  96.41   26.93   24.85   30.72   458.58  246.99  24.51   14.11
48.85   16.15   29.41   40.02   35.95   22.55   35.05   24.85   8.31    26.46   71.09   21.98   138.35  95.44   27.47   25.26   31.06   460.34  249.09  24.68   15.29
49.13   16.52   29.94   40.05   36.43   23.20   34.86   24.74   8.20    26.76   70.97   22.35   140.45  94.63   27.94   25.79   31.53   461.84  251.59  24.92   16.45
49.39   16.68   30.31   40.03   36.83   23.68   34.73   24.58   8.06    27.21   70.52   22.38   142.34  93.72   28.45   26.33   31.87   462.91  253.24  25.24   17.59
49.90   17.31   30.64   40.38   37.11   24.16   34.63   24.74   7.87    27.27   70.31   22.68   144.22  92.69   29.14   26.78   32.19   463.57  255.55  25.53   19.02
50.32   17.62   30.72   40.58   37.23   24.51   34.47   24.83   7.72    27.62   69.89   22.90   145.96  91.90   29.79   27.31   32.68   464.14  257.39  25.78   19.85
50.88   17.94   31.45   40.59   37.73   24.79   34.29   24.50   7.40    27.92   69.49   23.39   147.67  91.10   30.39   27.94   32.91   464.30  259.11  25.97   21.14
51.47   18.31   31.62   40.77   37.93   25.05   34.14   24.82   7.20    27.84   69.23   22.97   149.22  90.03   31.07   28.58   33.21   463.85  260.93  26.24   22.74
52.23   18.66   31.14   40.90   38.32   25.20   33.93   24.70   7.01    28.28   68.77   23.36   150.86  89.07   31.78   29.27   33.55   463.14  262.30  24.54   24.18
52.92   18.92   33.22   41.06   38.55   25.50   33.68   24.84   6.81    28.03   68.78   23.44   152.34  88.05   32.30   29.98   33.89   462.07  263.48  24.50   25.20
53.68   19.07   32.84   41.17   38.94   25.65   33.41   24.75   6.80    27.42   68.43   23.45   153.77  86.95   32.99   30.49   34.07   460.60  264.20  24.54   26.34
54.54   18.93   32.53   41.30   38.99   25.58   33.08   24.73   6.75    27.33   67.40   23.13   155.07  85.60   33.58   31.24   34.24   458.71  264.35  24.68   27.53
55.38   18.56   32.89   41.40   39.26   25.56   32.74   24.65   6.70    26.87   66.96   23.09   156.25  84.40   34.28   31.81   34.57   456.34  264.03  24.68   28.83
56.25   18.10   32.29   41.28   39.64   25.36   32.55   24.85   6.93    26.31   66.57   23.12   157.40  83.28   34.90   32.54   34.32   453.41  263.25  24.77   29.61
57.17   17.19   32.93   41.11   39.85   24.95   32.26   24.77   7.06    24.52   65.96   22.09   158.58  82.09   35.56   33.02   34.09   450.21  262.05  24.68   30.35
58.00   16.25   33.36   41.11   40.28   24.37   31.93   25.02   7.20    22.61   65.42   22.00   159.67  80.98   36.13   33.93   34.39   446.49  260.43  24.66   31.14
58.85   15.04   33.76   41.19   40.72   23.84   31.55   25.17   7.45    19.06   64.72   20.13   160.62  80.02   36.96   34.48   34.60   442.40  258.42  24.68   31.70
59.79   14.08   34.21   40.93   41.15   24.19   31.34   25.29   7.57    16.70   64.31   16.04   161.65  79.05   37.71   35.31   34.27   437.89  255.94  24.79   32.74
60.66   12.29   34.87   40.87   41.63   25.75   31.03   25.60   7.89    16.74   63.58   13.90   162.62  78.13   38.50   35.90   34.17   432.96  252.98  24.71   34.12
61.81   11.12   35.61   41.03   42.13   27.86   30.72   25.13   8.11    18.70   62.90   12.79   163.28  77.37   38.85   36.69   34.00   427.81  249.57  24.83   35.10
62.84   9.64    36.47   40.85   42.85   24.77   30.50   24.13   8.50    20.80   62.09   12.32   164.04  76.54   39.47   37.16   33.85   422.46  245.54  25.05   36.06
63.74   8.08    37.33   40.70   43.30   20.24   30.33   22.33   8.71    21.60   61.03   12.12   164.54  76.07   38.96   37.44   33.58   416.61  241.43  25.16   36.98
64.45   6.79    38.12   40.48   43.56   19.66   30.12   22.28   9.23    23.22   60.25   12.03   164.98  75.26   39.46   37.83   33.89   410.77  236.95  25.27   37.93
65.42   5.67    39.02   40.18   43.36   19.89   29.88   22.11   9.63    26.84   59.14   12.22   165.13  74.41   39.53   38.21   33.84   404.61  232.41  25.46   38.69
66.35   4.80    40.13   39.73   42.71   20.70   29.71   21.90   10.15   30.95   58.18   11.78   164.96  73.45   40.34   38.61   34.08   398.31  227.69  25.79   39.63
67.27   4.23    40.82   39.41   41.57   21.48   29.36   20.75   10.70   32.36   57.40   11.24   164.48  72.53   40.64   39.17   34.61   391.85  222.74  25.95   40.49
67.90   3.77    40.86   39.10   40.39   21.89   29.00   20.18   11.35   32.61   56.42   9.86    163.61  71.37   40.72   39.64   35.25   385.35  217.26  26.16   41.20
68.54   4.39    40.84   37.88   39.41   21.40   28.63   19.07   11.91   32.89   55.17   7.76    162.54  70.30   41.00   40.03   36.17   378.76  211.95  26.50   41.80
69.01   4.49    41.07   37.68   38.40   20.58   28.31   17.53   12.86   31.47   54.53   5.67    160.98  68.99   41.26   40.68   36.98   372.67  206.31  26.72   42.47
69.29   4.88    41.37   37.89   37.61   19.65   27.94   15.16   13.56   29.25   52.82   5.13    158.98  67.62   41.61   41.19   37.77   366.15  200.43  26.74   43.14
69.53   5.43    41.57   37.85   37.20   18.74   27.64   15.41   14.26   27.78   51.95   3.38    156.71  66.04   42.12   41.74   38.78   359.53  194.46  27.00   44.11
69.57   6.42    41.68   38.36   36.85   18.18   27.51   15.81   15.00   27.08   51.66   3.53    153.92  64.76   42.61   42.73   39.86   353.30  188.46  27.19   44.29
69.69   7.67    41.90   39.01   36.71   17.76   27.23   19.09   15.31   27.58   50.15   2.87    150.59  63.38   43.23   43.47   40.84   346.57  181.97  27.26   44.91
69.60   9.06    42.19   39.85   36.70   17.48   27.06   23.06   15.60   28.31   49.39   3.19    146.77  62.24   43.61   43.83   41.69   339.95  175.50  27.28   45.32
69.52   10.38   42.63   40.34   36.70   17.26   27.05   26.08   15.96   29.05   48.80   3.61    142.46  60.95   44.31   44.47   42.57   333.42  168.82  27.49   45.32
69.38   11.74   43.27   41.08   37.02   17.17   27.31   28.81   16.40   29.92   48.23   4.26    137.58  59.84   45.06   45.12   43.25   327.03  162.18  27.70   45.52
69.44   13.26   43.37   41.65   37.37   17.15   27.66   32.49   17.02   30.87   47.90   4.57    132.24  58.67   45.90   45.66   43.86   320.78  155.35  27.80   45.52
69.36   14.67   43.01   42.12   37.59   17.25   28.09   34.86   17.65   31.93   47.46   4.69    126.65  57.69   46.73   46.38   44.54   314.63  148.43  27.99   45.45
69.26   15.89   43.08   42.63   37.78   17.40   28.71   34.69   18.29   32.27   47.08   4.70    120.63  56.57   47.43   46.85   44.99   308.44  141.64  28.37   44.63
69.33   17.34   42.13   43.11   38.20   17.44   29.08   33.59   19.11   33.02   46.49   4.42    114.23  55.68   48.23   47.30   45.36   302.70  134.92  28.64   44.80
69.43   18.78   42.49   43.42   38.45   21.75   29.40   32.19   20.05   33.52   46.09   3.96    107.37  54.69   49.03   47.66   45.67   297.05  128.14  28.89   44.55
69.67   20.06   42.98   43.53   38.65   25.96   29.63   30.85   21.04   33.76   45.73   3.48    100.22  53.88   49.83   48.02   45.91   291.35  121.42  29.69   44.29
69.96   21.59   43.35   43.70   38.91   27.61   29.78   29.79   22.07   33.77   45.41   6.35    92.75   53.13   50.23   48.31   45.95   285.85  115.38  30.04   43.48
70.33   23.10   43.87   43.67   39.36   26.75   30.06   28.93   23.03   33.83   45.17   11.25   85.06   52.20   51.00   48.50   45.86   280.49  109.11  30.43   43.13
70.88   24.34   44.00   43.70   39.70   25.71   30.29   28.49   24.25   33.68   44.91   17.22   77.51   51.25   51.69   48.78   45.76   275.02  103.32  30.76   42.79
71.73   25.83   44.37   43.95   40.09   24.83   30.42   27.91   25.29   33.35   44.78   19.85   70.09   50.51   52.59   48.88   45.43   269.68  97.75   31.25   42.04
72.75   27.27   44.56   44.17   40.29   23.60   30.40   27.64   26.46   32.50   44.70   18.42   62.99   49.88   53.19   48.84   45.15   264.43  92.70   31.64   42.07
74.02   28.60   44.77   44.48   40.62   22.48   30.57   27.24   27.74   32.24   44.47   16.95   56.24   49.17   53.62   48.81   44.87   259.31  87.78   31.97   41.22
75.50   29.75   45.07   44.63   40.96   23.23   30.80   26.45   28.99   32.36   44.17   15.57   50.05   48.75   54.23   48.84   44.59   254.17  83.46   32.13   40.50
77.24   31.00   45.35   44.92   41.30   25.02   31.08   26.30   30.19   32.28   43.98   14.52   44.73   48.28   54.69   48.64   44.24   248.96  79.55   32.54   40.36
79.05   32.21   45.63   45.89   41.42   26.96   31.44   25.90   31.14   31.99   43.75   13.63   40.75   47.88   55.11   48.25   44.11   244.10  75.74   32.96   39.91
80.76   33.21   45.84   46.13   41.77   28.56   31.93   25.62   31.55   32.21   43.75   13.33   37.97   47.61   55.48   48.18   43.90   239.29  72.41   33.43   38.77
82.67   34.25   46.06   46.22   42.10   28.55   32.42   25.60   31.95   32.18   43.65   14.12   36.95   47.35   55.68   47.73   43.70   234.25  69.58   33.96   38.04
84.42   35.11   46.26   45.61   42.74   27.95   33.05   25.93   32.48   32.11   43.82   15.77   37.51   47.28   55.86   47.54   43.58   229.24  67.10   34.42   37.36
86.07   35.95   46.70   45.88   43.48   27.60   33.74   26.58   33.12   32.06   44.03   18.13   39.46   47.09   56.01   46.85   43.47   224.98  65.31   34.95   37.39
87.68   36.77   46.93   45.99   44.14   27.72   34.52   27.40   33.78   31.70   44.21   20.47	42.60   46.73   56.13   46.20   43.56   220.02  64.01   35.41   37.87
89.36   37.39   47.22   46.19   44.22   27.94   35.25   28.59   34.43   31.83   44.22   23.42   46.44   46.51   56.07   45.91   43.54   215.25  63.00   35.88   36.78
90.89   38.15   47.61   46.65   44.73   27.75   36.09   29.98   35.12   31.86   44.28   25.52   49.55   46.35   55.94   45.27   43.63   210.58  62.80   36.30   36.13
92.22   38.73   47.93   46.92   45.35   27.52   36.94   32.05   35.89   31.71   44.48   26.78   53.03   46.10   56.11   44.82   43.84   205.58  62.96   36.75   34.77
93.50   39.32   48.43   47.14   45.90   27.01   37.81   34.36   36.66   31.87   44.67   27.31   55.89   46.01   55.77   44.19   44.01   201.06  63.66   37.49   34.13
94.78   39.71   48.81   47.54   46.27   26.94   38.55   36.91   37.46   31.83   44.99   27.39   58.88   45.99   54.66   43.50   44.40   196.70  64.48   38.08   33.88
95.95   40.29   49.30   47.91   47.11   26.46   39.16   39.33   38.04   32.02   45.13   27.16   61.61   45.85   54.83   42.92   44.62   192.04  65.64   38.74   32.18
96.95   40.80   49.97   48.31   47.76   26.05   39.86   41.05   38.30   32.07   45.77   26.80   64.21   45.90   54.38   42.24   44.90   187.72  67.24   39.40   31.18
97.91   41.17   50.72   48.61   48.52   25.53   40.64   43.02   38.58   31.97   46.04   26.46   66.53   45.95   53.97   41.59   45.58   183.38  69.09   39.99   30.38
98.80   41.56   51.62   48.92   49.07   24.84   41.39   44.33   38.84   31.84   46.31   26.39   68.58   45.86   53.03   40.84   46.01   179.34  71.13   40.50   29.08
99.66   41.94   52.27   49.32   49.84   24.18   42.13   44.74   39.21   31.69   46.72   26.62   71.10   45.64   53.21   40.26   46.25   174.49  73.14   41.04   28.42
100.35  42.34   52.81   49.74   50.69   23.51   42.93   44.65   39.64   31.35   46.91   26.97   73.04   45.51   52.34   39.54   46.19   170.43  75.41   41.66   27.45
100.98  42.63   53.18   50.25   51.23   22.91   43.69   44.62   40.10   30.98   47.35   27.32   74.91   45.42   51.58   38.95   46.00   166.46  77.69   42.21   26.38
101.52  43.08   53.40   50.50   51.96   22.21   44.42   44.60   40.63   30.54   47.65   27.55   76.67   45.33   51.13   38.33   45.75   162.76  80.17   42.91   25.43
102.03  43.31   53.16   51.18   52.56   21.40   45.12   44.75   40.75   30.10   47.85   27.72   78.24   45.22   49.77   38.83   46.81   159.06  82.38   43.59   24.43
102.42  43.66   53.72   51.69   52.99   20.98   45.84   45.46   40.73   29.52   48.42   27.88   79.92   45.18   48.84   38.86   44.16   155.49  84.53   44.37   23.48
102.85  44.00   54.16   52.21   53.99   19.99   46.65   45.59   40.79   28.85   48.68   28.07   81.23   45.20   47.93   38.66   47.19   152.04  86.88   45.15   22.62
103.03  44.34   54.56   53.43   54.31   19.32   47.41   46.18   40.85   28.19   49.20   28.26   82.47   45.35   47.24   38.15   47.70   148.34  89.19   45.99   21.80
103.21  44.48   55.18   53.93   55.04   18.68   48.13   46.53   41.11   27.45   49.60   28.32   84.02   45.36   46.52   37.98   48.06   145.13  91.39   46.85   21.18
103.33  44.82   55.70   54.65   55.69   18.11   48.86   46.98   41.37   26.69   49.81   28.37   85.15   45.05   45.99   37.65   49.04   142.14  93.42   47.69   20.54
103.45  45.02   56.24   55.30   56.25   17.67   49.59   47.02   41.43   25.83   50.07   28.41   86.29   44.91   44.97   36.60   49.05   139.31  95.51   48.67   20.24
103.51  45.21   56.86   56.00   56.82   16.90   50.34   47.16   41.22   25.16   50.17   28.54   87.60   44.82   44.17   35.92   49.87   136.57  97.57   49.63   20.03
103.49  45.55   58.35   56.85   57.05   16.62   51.06   47.11   41.13   24.65   50.55   28.67   88.49   44.72   43.50   35.62   50.29   133.97  99.64   50.57   19.92
103.56  45.77   58.64   57.44   57.42   16.04   51.80   46.97   41.08   24.26   50.87   28.68   89.62   44.69   42.77   34.97   50.43   131.76  101.37  51.54   18.58
103.55  45.97   58.80   58.72   57.64   15.20   52.58   46.86   41.21   24.25   51.06   28.84   90.61   44.54   42.52   33.65   50.83   129.77  103.35  52.58   16.64
103.51  46.36   59.40   59.77   58.10   14.70   53.28   46.68   41.42   24.37   51.44   28.85   91.40   44.54   42.04   32.05   51.30   128.59  104.79  53.55   14.73
103.43  46.68   60.10   60.55   58.49   14.40   54.05   46.37   41.05   24.70   51.75   28.91   92.02   44.45   41.74   30.71   51.82   128.28  106.34  54.52   12.76
103.34  46.95   60.92   61.61   58.91   14.53   54.83   46.10   40.69   25.37   52.05   28.83   92.87   44.48   41.64   31.51   52.43   128.78  107.95  55.54   11.07
103.15  47.36   61.61   62.32   59.06   14.71   55.56   45.60   40.65   26.22   52.50   28.86   93.55   44.52   41.52   33.21   52.68   130.08  109.19  56.46   9.52 
102.98  47.91   62.33   63.67   60.10   15.06   56.32   44.89   40.66   27.13   52.92   28.84   94.08   44.59   41.29   30.83   53.93   132.10  110.59  57.46   8.46 
102.86  48.34   63.05   64.62   60.16   15.31   57.05   44.09   40.46   28.05   53.47   28.67   94.69   44.75   40.78   30.79   55.06   134.83  112.02  58.42   8.22 
102.80  48.86   63.77   65.44   60.42   15.64   57.76   43.15   39.92   28.96   53.83   28.61   95.26   44.99   39.54   31.00   56.14   138.24  114.10  59.43   9.05
102.52  49.26   64.54   67.03   60.80   16.00   58.44   41.97   39.51   29.73   54.34   28.42   95.79   45.18   38.54   33.46   57.40   142.22  116.46  60.44   10.65
102.24  49.98   65.30   67.65   61.30   16.52   59.08   40.78   39.20   30.31   55.02   28.15   96.10   45.55   37.20   33.62   58.87   146.71  119.36  61.47   12.81
102.18  50.54   66.00   68.52   61.57   17.11   59.75   39.45   39.05   30.91   55.57   27.88   96.48   46.07   35.95   33.73   60.40   151.68  122.67  62.49   14.07
102.21  51.07   66.90   68.82   61.75   17.63   60.40   38.38   38.34   31.28   56.22   27.47   97.07   46.50   34.91   32.53   61.92   156.98  126.39  63.52   12.62
102.17  53.60   67.56   69.53   61.84   18.24   61.05   37.17   37.78   31.91   56.87   27.26   97.55   47.01   33.91   30.46   63.60   162.71  130.35  64.62   12.07
102.00  58.00   68.29   70.40   62.27   18.93   61.75   36.34   37.50   32.27   57.58   26.88   97.77   47.69   33.80   28.10   65.21   168.69  134.70  65.65   12.64
102.00  63.87   69.09   70.80   62.53   19.71   62.32   35.94   37.45   32.54   58.32   26.37   98.19   48.28   33.17   27.28   66.76   174.97  139.37  66.74   14.05
101.86  71.10   69.95   69.40   62.80   20.70   62.91   35.85   37.48   32.44   59.10   25.56   98.75   49.03   33.06   26.65   68.22   181.74  144.23  67.66   16.11
101.67  79.11   70.85   69.23   62.56   21.58   63.56   35.56   37.65   32.36   59.90   24.80   99.33   49.81   33.03   26.31   70.67   188.59  149.54  68.73   18.81
101.86  87.68   71.44   68.94   63.17   22.55   64.12   35.72   38.06   32.11   60.71   23.82   99.74   50.70   32.42   26.21   72.31   195.40  154.98  69.70   21.73
102.16  96.73   72.27   68.59   62.96   23.66   64.69   35.55   38.51   31.81   61.56   23.10   100.95  56.85   31.07   26.60   73.80   202.39  160.56  70.58   24.80
104.35  106.22  77.53   73.99   63.36   24.83   69.38   35.45	39.14   31.56   62.42   22.51   101.37  64.46   29.78   27.59   75.34   209.46  166.37  71.53   27.83